start=3461.332878
volume=84.000000
fullscreen=yes
